{
 "cells": [
  {
   "cell_type": "code",
   "execution_count": 1,
   "id": "plain-shanghai",
   "metadata": {},
   "outputs": [],
   "source": [
    "import os\n",
    "import gc\n",
    "import sys\n",
    "import argparse\n",
    "import time\n",
    "import numpy as np\n",
    "import matplotlib.pyplot as plt\n",
    "\n",
    "import torch\n",
    "import torchvision\n",
    "import torch.nn as nn\n",
    "import torch.nn.functional as F\n",
    "from torch.utils.data import DataLoader\n",
    "from torchvision import utils, transforms, datasets\n",
    "from torchvision.models.detection.rpn import AnchorGenerator\n",
    "\n",
    "from transforms import ToTensor, Resize, Compose, testTensor\n",
    "from data.kitti_dataset import KITTI\n",
    "from backbone.backbone_vgg import vgg16, vgg11, vgg13, vgg19\n",
    "from backbone.backbone_resnet import resnet18, resnet34\n",
    "from models.faster_rcnn_mod import FasterRCNN\n",
    "from models.mask_rcnn_mod import MaskRCNN\n",
    "from models.keypoint_rcnn_mod import KeypointRCNN\n",
    "from models.retinanet_mod import RetinaNet\n",
    "\n",
    "from ID.intrinsic_dimension import estimate, block_analysis\n",
    "from scipy.spatial.distance import pdist,squareform\n",
    "\n",
    "from tqdm import tqdm\n",
    "from PIL import Image"
   ]
  },
  {
   "cell_type": "code",
   "execution_count": 2,
   "id": "corporate-albany",
   "metadata": {},
   "outputs": [],
   "source": [
    "backbone = vgg19(pretrained=False).features\n",
    "backbone.out_channels = 512\n",
    "anchor_generator = AnchorGenerator(sizes=((32, 64, 128, 256, 512),), aspect_ratios=((0.5,1.0,2.0),)) \n",
    "roi_pooler = torchvision.ops.MultiScaleRoIAlign(featmap_names=['0'], output_size=7, sampling_ratio=2)"
   ]
  },
  {
   "cell_type": "code",
   "execution_count": 3,
   "id": "competitive-briefing",
   "metadata": {
    "scrolled": true
   },
   "outputs": [],
   "source": [
    "root = os.getcwd()\n",
    "model_path = os.path.join(root, \"trained_model\", \"kitti\", \"retinanet\", \"vgg19\")"
   ]
  },
  {
   "cell_type": "code",
   "execution_count": 4,
   "id": "artificial-august",
   "metadata": {},
   "outputs": [
    {
     "data": {
      "text/plain": [
       "<All keys matched successfully>"
      ]
     },
     "execution_count": 4,
     "metadata": {},
     "output_type": "execute_result"
    }
   ],
   "source": [
    "#model = FasterRCNN(backbone, num_classes=10,rpn_anchor_generator= anchor_generator, box_roi_pool=roi_pooler )\n",
    "model = RetinaNet(backbone, num_classes=10, anchor_generator=anchor_generator)\n",
    "model.load_state_dict(torch.load(os.path.join(model_path, 'model.pt'), map_location=torch.device('cpu')))"
   ]
  },
  {
   "cell_type": "code",
   "execution_count": null,
   "id": "improving-yesterday",
   "metadata": {},
   "outputs": [],
   "source": [
    "class WrappedModel(nn.Module):\n",
    "\tdef __init__(self):\n",
    "\t\tsuper(WrappedModel, self).__init__()\n",
    "\t\tself.module = FasterRCNN(backbone, num_classes=10,rpn_anchor_generator= anchor_generator, box_roi_pool=roi_pooler ) # that I actually define.\n",
    "\tdef forward(self, x):\n",
    "\t\treturn self.module(x)\n",
    "\n",
    "model = WrappedModel()\n",
    "model.load_state_dict(torch.load(os.path.join(model_path, 'checkpoint_60.pt'), map_location=torch.device('cpu'))['model_state_dict'])"
   ]
  },
  {
   "cell_type": "code",
   "execution_count": 5,
   "id": "oriental-coffee",
   "metadata": {},
   "outputs": [
    {
     "data": {
      "text/plain": [
       "RetinaNet(\n",
       "  (backbone): Sequential(\n",
       "    (0): Conv2d(3, 64, kernel_size=(3, 3), stride=(1, 1), padding=(1, 1))\n",
       "    (1): ReLU(inplace=True)\n",
       "    (2): Conv2d(64, 64, kernel_size=(3, 3), stride=(1, 1), padding=(1, 1))\n",
       "    (3): ReLU(inplace=True)\n",
       "    (4): MaxPool2d(kernel_size=2, stride=2, padding=0, dilation=1, ceil_mode=False)\n",
       "    (5): Conv2d(64, 128, kernel_size=(3, 3), stride=(1, 1), padding=(1, 1))\n",
       "    (6): ReLU(inplace=True)\n",
       "    (7): Conv2d(128, 128, kernel_size=(3, 3), stride=(1, 1), padding=(1, 1))\n",
       "    (8): ReLU(inplace=True)\n",
       "    (9): MaxPool2d(kernel_size=2, stride=2, padding=0, dilation=1, ceil_mode=False)\n",
       "    (10): Conv2d(128, 256, kernel_size=(3, 3), stride=(1, 1), padding=(1, 1))\n",
       "    (11): ReLU(inplace=True)\n",
       "    (12): Conv2d(256, 256, kernel_size=(3, 3), stride=(1, 1), padding=(1, 1))\n",
       "    (13): ReLU(inplace=True)\n",
       "    (14): Conv2d(256, 256, kernel_size=(3, 3), stride=(1, 1), padding=(1, 1))\n",
       "    (15): ReLU(inplace=True)\n",
       "    (16): Conv2d(256, 256, kernel_size=(3, 3), stride=(1, 1), padding=(1, 1))\n",
       "    (17): ReLU(inplace=True)\n",
       "    (18): MaxPool2d(kernel_size=2, stride=2, padding=0, dilation=1, ceil_mode=False)\n",
       "    (19): Conv2d(256, 512, kernel_size=(3, 3), stride=(1, 1), padding=(1, 1))\n",
       "    (20): ReLU(inplace=True)\n",
       "    (21): Conv2d(512, 512, kernel_size=(3, 3), stride=(1, 1), padding=(1, 1))\n",
       "    (22): ReLU(inplace=True)\n",
       "    (23): Conv2d(512, 512, kernel_size=(3, 3), stride=(1, 1), padding=(1, 1))\n",
       "    (24): ReLU(inplace=True)\n",
       "    (25): Conv2d(512, 512, kernel_size=(3, 3), stride=(1, 1), padding=(1, 1))\n",
       "    (26): ReLU(inplace=True)\n",
       "    (27): MaxPool2d(kernel_size=2, stride=2, padding=0, dilation=1, ceil_mode=False)\n",
       "    (28): Conv2d(512, 512, kernel_size=(3, 3), stride=(1, 1), padding=(1, 1))\n",
       "    (29): ReLU(inplace=True)\n",
       "    (30): Conv2d(512, 512, kernel_size=(3, 3), stride=(1, 1), padding=(1, 1))\n",
       "    (31): ReLU(inplace=True)\n",
       "    (32): Conv2d(512, 512, kernel_size=(3, 3), stride=(1, 1), padding=(1, 1))\n",
       "    (33): ReLU(inplace=True)\n",
       "    (34): Conv2d(512, 512, kernel_size=(3, 3), stride=(1, 1), padding=(1, 1))\n",
       "    (35): ReLU(inplace=True)\n",
       "    (36): MaxPool2d(kernel_size=2, stride=2, padding=0, dilation=1, ceil_mode=False)\n",
       "  )\n",
       "  (anchor_generator): AnchorGenerator()\n",
       "  (head): RetinaNetHead(\n",
       "    (classification_head): RetinaNetClassificationHead(\n",
       "      (conv): Sequential(\n",
       "        (0): Conv2d(512, 512, kernel_size=(3, 3), stride=(1, 1), padding=(1, 1))\n",
       "        (1): ReLU()\n",
       "        (2): Conv2d(512, 512, kernel_size=(3, 3), stride=(1, 1), padding=(1, 1))\n",
       "        (3): ReLU()\n",
       "        (4): Conv2d(512, 512, kernel_size=(3, 3), stride=(1, 1), padding=(1, 1))\n",
       "        (5): ReLU()\n",
       "        (6): Conv2d(512, 512, kernel_size=(3, 3), stride=(1, 1), padding=(1, 1))\n",
       "        (7): ReLU()\n",
       "      )\n",
       "      (cls_logits): Conv2d(512, 150, kernel_size=(3, 3), stride=(1, 1), padding=(1, 1))\n",
       "    )\n",
       "    (regression_head): RetinaNetRegressionHead(\n",
       "      (conv): Sequential(\n",
       "        (0): Conv2d(512, 512, kernel_size=(3, 3), stride=(1, 1), padding=(1, 1))\n",
       "        (1): ReLU()\n",
       "        (2): Conv2d(512, 512, kernel_size=(3, 3), stride=(1, 1), padding=(1, 1))\n",
       "        (3): ReLU()\n",
       "        (4): Conv2d(512, 512, kernel_size=(3, 3), stride=(1, 1), padding=(1, 1))\n",
       "        (5): ReLU()\n",
       "        (6): Conv2d(512, 512, kernel_size=(3, 3), stride=(1, 1), padding=(1, 1))\n",
       "        (7): ReLU()\n",
       "      )\n",
       "      (bbox_reg): Conv2d(512, 60, kernel_size=(3, 3), stride=(1, 1), padding=(1, 1))\n",
       "    )\n",
       "  )\n",
       "  (transform): GeneralizedRCNNTransform(\n",
       "      Normalize(mean=[0.485, 0.456, 0.406], std=[0.229, 0.224, 0.225])\n",
       "      Resize(min_size=(800,), max_size=1333, mode='bilinear')\n",
       "  )\n",
       ")"
      ]
     },
     "execution_count": 5,
     "metadata": {},
     "output_type": "execute_result"
    }
   ],
   "source": [
    "model.eval()"
   ]
  },
  {
   "cell_type": "code",
   "execution_count": null,
   "id": "further-bronze",
   "metadata": {
    "scrolled": true
   },
   "outputs": [],
   "source": [
    "for param_tensor in model.state_dict():\n",
    "    print(param_tensor, \"\\t\", model.state_dict()[param_tensor].size())"
   ]
  },
  {
   "cell_type": "code",
   "execution_count": 6,
   "id": "processed-longitude",
   "metadata": {},
   "outputs": [],
   "source": [
    "class test_data(object):\n",
    "    def __init__(self, path, transforms):\n",
    "        self.path = path\n",
    "        self.transforms = transforms\n",
    "        self.imgs = list(sorted(os.listdir(path)))\n",
    "       \n",
    "    \n",
    "    def __getitem__(self, idx):\n",
    "        print(idx)\n",
    "        img_path = os.path.join(self.path, self.imgs[idx])\n",
    "        \n",
    "        image = Image.open(img_path).convert('RGB')\n",
    "        if self.transforms is not None:\n",
    "            image = self.transforms(image)\n",
    "        return image\n",
    "    \n",
    "    def __len__(self):\n",
    "        return len(self.imgs)"
   ]
  },
  {
   "cell_type": "code",
   "execution_count": 7,
   "id": "hungarian-contract",
   "metadata": {},
   "outputs": [],
   "source": [
    "image_directory = 'D:/Dataset/KITTI/testing/horizontal_shift'\n",
    "\n",
    "data = test_data(image_directory, transforms= testTensor())\n",
    "indices = torch.randperm(len(data))\n",
    "dataset = torch.utils.data.Subset(data, indices[:24])\n",
    "\n",
    "def collate_fn(batch):\n",
    "    return tuple(zip(*batch))\n",
    "    "
   ]
  },
  {
   "cell_type": "code",
   "execution_count": 8,
   "id": "electoral-crazy",
   "metadata": {},
   "outputs": [],
   "source": [
    "testdata = DataLoader(dataset, batch_size=1, shuffle=True)"
   ]
  },
  {
   "cell_type": "code",
   "execution_count": 27,
   "id": "crude-prairie",
   "metadata": {},
   "outputs": [
    {
     "name": "stdout",
     "output_type": "stream",
     "text": [
      "tensor(2744)\n"
     ]
    }
   ],
   "source": [
    "image = next(iter(testdata))"
   ]
  },
  {
   "cell_type": "code",
   "execution_count": 28,
   "id": "proper-explorer",
   "metadata": {},
   "outputs": [
    {
     "name": "stdout",
     "output_type": "stream",
     "text": [
      "torch.Size([1, 3, 1200, 1200])\n",
      "torch.Size([1, 64, 600, 600])\n",
      "torch.Size([1, 128, 300, 300])\n",
      "torch.Size([1, 256, 150, 150])\n",
      "torch.Size([1, 512, 75, 75])\n",
      "torch.Size([1, 512, 37, 37])\n",
      "torch.Size([1, 512, 37, 37])\n",
      "torch.Size([1, 150, 37, 37])\n",
      "torch.Size([1, 512, 37, 37])\n",
      "torch.Size([1, 60, 37, 37])\n"
     ]
    }
   ],
   "source": [
    "out0 = image\n",
    "print(out0.shape)\n",
    "out1 = model.backbone[4](F.relu(model.backbone[2](F.relu(model.backbone[0](out0)))))\n",
    "print(out1.shape)\n",
    "out2 = model.backbone[9](F.relu(model.backbone[7](F.relu(model.backbone[5](out1)))))\n",
    "print(out2.shape)\n",
    "out3 = model.backbone[18](F.relu(model.backbone[16](F.relu(model.backbone[14](F.relu(model.backbone[12](F.relu(model.backbone[10](out2)))))))))        \n",
    "print(out3.shape)\n",
    "out4 = model.backbone[27](F.relu(model.backbone[25](F.relu(model.backbone[23](F.relu(model.backbone[21](F.relu(model.backbone[19](out3)))))))))    \n",
    "print(out4.shape)\n",
    "out5 = model.backbone[36](F.relu(model.backbone[34](F.relu(model.backbone[32](F.relu(model.backbone[30](F.relu(model.backbone[28](out4)))))))))\n",
    "print(out5.shape)\n",
    "out6 = F.relu(model.head.classification_head.conv[6](F.relu(model.head.classification_head.conv[4](F.relu(model.head.classification_head.conv[2](F.relu(model.head.classification_head.conv[0](out5))))))))\n",
    "print(out6.shape)\n",
    "out7 = model.head.classification_head.cls_logits(out6)\n",
    "print(out7.shape)\n",
    "out8 = F.relu(model.head.regression_head.conv[6](F.relu(model.head.regression_head.conv[4](F.relu(model.head.regression_head.conv[2](F.relu(model.head.regression_head.conv[0](out5))))))))\n",
    "print(out8.shape)\n",
    "out9 = model.head.regression_head.bbox_reg(out8)\n",
    "print(out9.shape)"
   ]
  },
  {
   "cell_type": "code",
   "execution_count": 22,
   "id": "integrated-sphere",
   "metadata": {},
   "outputs": [],
   "source": [
    "def computeID(r, nres, fraction):\n",
    "    ID = []\n",
    "    n = int(np.round(r.shape[0]*fraction))\n",
    "    print(n)\n",
    "    dist = squareform(pdist(r, 'euclidean'))\n",
    "    print(dist)\n",
    "    for i in range(nres):\n",
    "        dist_s = dist\n",
    "        perm = np.random.permutation(dist.shape[0])[0:n]\n",
    "        print(perm)\n",
    "        dist_s = dist_s[perm,:]\n",
    "        dist_s = dist_s[:,perm]\n",
    "        print(dist_s)\n",
    "        ID.append(estimate(dist_s)[2])\n",
    "    mean = np.mean(ID)\n",
    "    error = np.std(ID)\n",
    "    return mean,error"
   ]
  },
  {
   "cell_type": "code",
   "execution_count": 19,
   "id": "trying-dialogue",
   "metadata": {},
   "outputs": [],
   "source": [
    "Out0 = out0.view(image.shape[0], -1).cpu().data\n",
    "Out1 = out1.view(image.shape[0], -1).cpu().data\n",
    "Out2 = out2.view(image.shape[0], -1).cpu().data\n",
    "Out3 = out3.view(image.shape[0], -1).cpu().data\n",
    "Out4 = out4.view(image.shape[0], -1).cpu().data\n",
    "Out5 = out5.view(image.shape[0], -1).cpu().data\n",
    "Out6 = out6.view(image.shape[0], -1).cpu().data\n",
    "Out7 = out7.view(image.shape[0], -1).cpu().data\n",
    "Out8 = out8.view(image.shape[0], -1).cpu().data\n",
    "Out9 = out9.view(image.shape[0], -1).cpu().data\n",
    "#Out10 = out10.view(image.shape[0], -1).cpu().data\n",
    "#Out11 = out11.view(image.shape[0], -1).cpu().data"
   ]
  },
  {
   "cell_type": "code",
   "execution_count": 29,
   "id": "extreme-drunk",
   "metadata": {},
   "outputs": [],
   "source": [
    "Out0 = torch.cat((Out0, out0.view(image.shape[0], -1).cpu().data),0)\n",
    "Out1 = torch.cat((Out1, out1.view(image.shape[0], -1).cpu().data),0) \n",
    "Out2 = torch.cat((Out2, out2.view(image.shape[0], -1).cpu().data),0) \n",
    "Out3 = torch.cat((Out3, out3.view(image.shape[0], -1).cpu().data),0)                 \n",
    "Out4 = torch.cat((Out4, out4.view(image.shape[0], -1).cpu().data),0) \n",
    "Out5 = torch.cat((Out5, out5.view(image.shape[0], -1).cpu().data),0) \n",
    "Out6 = torch.cat((Out6, out6.view(image.shape[0], -1).cpu().data),0) \n",
    "Out7 = torch.cat((Out7, out7.view(image.shape[0], -1).cpu().data),0)                 \n",
    "Out8 = torch.cat((Out8, out8.view(image.shape[0], -1).cpu().data),0)\n",
    "Out9 = torch.cat((Out9, out9.view(image.shape[0], -1).cpu().data),0) \n",
    "#Out10 = torch.cat((Out10, out10.view(image.shape[0], -1).cpu().data),0)                 \n",
    "#Out11 = torch.cat((Out11, out11.view(image.shape[0], -1).cpu().data),0)"
   ]
  },
  {
   "cell_type": "code",
   "execution_count": 30,
   "id": "supported-plate",
   "metadata": {},
   "outputs": [],
   "source": [
    "out = [Out0, Out1, Out2, Out3, Out4, Out5, Out6, Out7, Out8, Out9]"
   ]
  },
  {
   "cell_type": "code",
   "execution_count": 31,
   "id": "recognized-senior",
   "metadata": {},
   "outputs": [
    {
     "name": "stderr",
     "output_type": "stream",
     "text": [
      "  8%|▊         | 1/12 [00:00<00:01,  6.89it/s]"
     ]
    },
    {
     "name": "stdout",
     "output_type": "stream",
     "text": [
      "tensor([[0.5294, 0.5294, 0.5294,  ..., 0.2392, 0.2392, 0.2392],\n",
      "        [0.4824, 0.4824, 0.4824,  ..., 0.1176, 0.1176, 0.1216],\n",
      "        [0.2000, 0.1882, 0.2078,  ..., 0.0275, 0.0275, 0.0235],\n",
      "        [1.0000, 1.0000, 1.0000,  ..., 0.4039, 0.4000, 0.4000]])\n",
      "4\n",
      "[[   0.          808.96829798  963.16618985  994.69562326]\n",
      " [ 808.96829798    0.          678.49197041  800.74922345]\n",
      " [ 963.16618985  678.49197041    0.         1028.47368525]\n",
      " [ 994.69562326  800.74922345 1028.47368525    0.        ]]\n",
      "[1 0 2 3]\n",
      "[[   0.          808.96829798  678.49197041  800.74922345]\n",
      " [ 808.96829798    0.          963.16618985  994.69562326]\n",
      " [ 678.49197041  963.16618985    0.         1028.47368525]\n",
      " [ 800.74922345  994.69562326 1028.47368525    0.        ]]\n",
      "[0 2 3 1]\n",
      "[[   0.          963.16618985  994.69562326  808.96829798]\n",
      " [ 963.16618985    0.         1028.47368525  678.49197041]\n",
      " [ 994.69562326 1028.47368525    0.          800.74922345]\n",
      " [ 808.96829798  678.49197041  800.74922345    0.        ]]\n",
      "[2 0 3 1]\n",
      "[[   0.          963.16618985 1028.47368525  678.49197041]\n",
      " [ 963.16618985    0.          994.69562326  808.96829798]\n",
      " [1028.47368525  994.69562326    0.          800.74922345]\n",
      " [ 678.49197041  808.96829798  800.74922345    0.        ]]\n",
      "[1 0 3 2]\n",
      "[[   0.          808.96829798  800.74922345  678.49197041]\n",
      " [ 808.96829798    0.          994.69562326  963.16618985]\n",
      " [ 800.74922345  994.69562326    0.         1028.47368525]\n",
      " [ 678.49197041  963.16618985 1028.47368525    0.        ]]\n",
      "[0 3 1 2]\n",
      "[[   0.          994.69562326  808.96829798  963.16618985]\n",
      " [ 994.69562326    0.          800.74922345 1028.47368525]\n",
      " [ 808.96829798  800.74922345    0.          678.49197041]\n",
      " [ 963.16618985 1028.47368525  678.49197041    0.        ]]\n",
      "[2 1 3 0]\n",
      "[[   0.          678.49197041 1028.47368525  963.16618985]\n",
      " [ 678.49197041    0.          800.74922345  808.96829798]\n",
      " [1028.47368525  800.74922345    0.          994.69562326]\n",
      " [ 963.16618985  808.96829798  994.69562326    0.        ]]\n",
      "[2 3 0 1]\n",
      "[[   0.         1028.47368525  963.16618985  678.49197041]\n",
      " [1028.47368525    0.          994.69562326  800.74922345]\n",
      " [ 963.16618985  994.69562326    0.          808.96829798]\n",
      " [ 678.49197041  800.74922345  808.96829798    0.        ]]\n",
      "[0 3 1 2]\n",
      "[[   0.          994.69562326  808.96829798  963.16618985]\n",
      " [ 994.69562326    0.          800.74922345 1028.47368525]\n",
      " [ 808.96829798  800.74922345    0.          678.49197041]\n",
      " [ 963.16618985 1028.47368525  678.49197041    0.        ]]\n",
      "[2 0 1 3]\n",
      "[[   0.          963.16618985  678.49197041 1028.47368525]\n",
      " [ 963.16618985    0.          808.96829798  994.69562326]\n",
      " [ 678.49197041  808.96829798    0.          800.74922345]\n",
      " [1028.47368525  994.69562326  800.74922345    0.        ]]\n",
      "[3 1 0 2]\n",
      "[[   0.          800.74922345  994.69562326 1028.47368525]\n",
      " [ 800.74922345    0.          808.96829798  678.49197041]\n",
      " [ 994.69562326  808.96829798    0.          963.16618985]\n",
      " [1028.47368525  678.49197041  963.16618985    0.        ]]\n",
      "[2 3 1 0]\n",
      "[[   0.         1028.47368525  678.49197041  963.16618985]\n",
      " [1028.47368525    0.          800.74922345  994.69562326]\n",
      " [ 678.49197041  800.74922345    0.          808.96829798]\n",
      " [ 963.16618985  994.69562326  808.96829798    0.        ]]\n",
      "[3 0 2 1]\n",
      "[[   0.          994.69562326 1028.47368525  800.74922345]\n",
      " [ 994.69562326    0.          963.16618985  808.96829798]\n",
      " [1028.47368525  963.16618985    0.          678.49197041]\n",
      " [ 800.74922345  808.96829798  678.49197041    0.        ]]\n",
      "[1 3 0 2]\n",
      "[[   0.          800.74922345  808.96829798  678.49197041]\n",
      " [ 800.74922345    0.          994.69562326 1028.47368525]\n",
      " [ 808.96829798  994.69562326    0.          963.16618985]\n",
      " [ 678.49197041 1028.47368525  963.16618985    0.        ]]\n",
      "[0 1 2 3]\n",
      "[[   0.          808.96829798  963.16618985  994.69562326]\n",
      " [ 808.96829798    0.          678.49197041  800.74922345]\n",
      " [ 963.16618985  678.49197041    0.         1028.47368525]\n",
      " [ 994.69562326  800.74922345 1028.47368525    0.        ]]\n",
      "[0 1 3 2]\n",
      "[[   0.          808.96829798  994.69562326  963.16618985]\n",
      " [ 808.96829798    0.          800.74922345  678.49197041]\n",
      " [ 994.69562326  800.74922345    0.         1028.47368525]\n",
      " [ 963.16618985  678.49197041 1028.47368525    0.        ]]\n",
      "[3 1 2 0]\n",
      "[[   0.          800.74922345 1028.47368525  994.69562326]\n",
      " [ 800.74922345    0.          678.49197041  808.96829798]\n",
      " [1028.47368525  678.49197041    0.          963.16618985]\n",
      " [ 994.69562326  808.96829798  963.16618985    0.        ]]\n",
      "[1 0 2 3]\n",
      "[[   0.          808.96829798  678.49197041  800.74922345]\n",
      " [ 808.96829798    0.          963.16618985  994.69562326]\n",
      " [ 678.49197041  963.16618985    0.         1028.47368525]\n",
      " [ 800.74922345  994.69562326 1028.47368525    0.        ]]\n",
      "[0 1 2 3]\n",
      "[[   0.          808.96829798  963.16618985  994.69562326]\n",
      " [ 808.96829798    0.          678.49197041  800.74922345]\n",
      " [ 963.16618985  678.49197041    0.         1028.47368525]\n",
      " [ 994.69562326  800.74922345 1028.47368525    0.        ]]\n",
      "[0 3 1 2]\n",
      "[[   0.          994.69562326  808.96829798  963.16618985]\n",
      " [ 994.69562326    0.          800.74922345 1028.47368525]\n",
      " [ 808.96829798  800.74922345    0.          678.49197041]\n",
      " [ 963.16618985 1028.47368525  678.49197041    0.        ]]\n",
      "[0 1 2 3]\n",
      "[[   0.          808.96829798  963.16618985  994.69562326]\n",
      " [ 808.96829798    0.          678.49197041  800.74922345]\n",
      " [ 963.16618985  678.49197041    0.         1028.47368525]\n",
      " [ 994.69562326  800.74922345 1028.47368525    0.        ]]\n",
      "tensor([[1.6762, 0.5537, 0.5565,  ..., 0.2033, 0.1262, 0.3448],\n",
      "        [1.6500, 0.5521, 0.5718,  ..., 0.2493, 0.2318, 0.3754],\n",
      "        [0.6098, 0.2100, 0.1316,  ..., 0.1391, 0.1288, 0.1255],\n",
      "        [1.6514, 0.1801, 0.1801,  ..., 0.1670, 0.2099, 0.4695]])\n",
      "4\n"
     ]
    },
    {
     "name": "stderr",
     "output_type": "stream",
     "text": [
      "\r",
      " 17%|█▋        | 2/12 [00:00<00:04,  2.20it/s]"
     ]
    },
    {
     "name": "stdout",
     "output_type": "stream",
     "text": [
      "[[   0.         1174.02714423 1313.02625636 1239.15149002]\n",
      " [1174.02714423    0.         1223.90287462 1171.84099985]\n",
      " [1313.02625636 1223.90287462    0.         1337.12814542]\n",
      " [1239.15149002 1171.84099985 1337.12814542    0.        ]]\n",
      "[0 1 2 3]\n",
      "[[   0.         1174.02714423 1313.02625636 1239.15149002]\n",
      " [1174.02714423    0.         1223.90287462 1171.84099985]\n",
      " [1313.02625636 1223.90287462    0.         1337.12814542]\n",
      " [1239.15149002 1171.84099985 1337.12814542    0.        ]]\n",
      "[3 0 1 2]\n",
      "[[   0.         1239.15149002 1171.84099985 1337.12814542]\n",
      " [1239.15149002    0.         1174.02714423 1313.02625636]\n",
      " [1171.84099985 1174.02714423    0.         1223.90287462]\n",
      " [1337.12814542 1313.02625636 1223.90287462    0.        ]]\n",
      "[0 2 1 3]\n",
      "[[   0.         1313.02625636 1174.02714423 1239.15149002]\n",
      " [1313.02625636    0.         1223.90287462 1337.12814542]\n",
      " [1174.02714423 1223.90287462    0.         1171.84099985]\n",
      " [1239.15149002 1337.12814542 1171.84099985    0.        ]]\n",
      "[3 1 2 0]\n",
      "[[   0.         1171.84099985 1337.12814542 1239.15149002]\n",
      " [1171.84099985    0.         1223.90287462 1174.02714423]\n",
      " [1337.12814542 1223.90287462    0.         1313.02625636]\n",
      " [1239.15149002 1174.02714423 1313.02625636    0.        ]]\n",
      "[1 2 0 3]\n",
      "[[   0.         1223.90287462 1174.02714423 1171.84099985]\n",
      " [1223.90287462    0.         1313.02625636 1337.12814542]\n",
      " [1174.02714423 1313.02625636    0.         1239.15149002]\n",
      " [1171.84099985 1337.12814542 1239.15149002    0.        ]]\n",
      "[2 1 3 0]\n",
      "[[   0.         1223.90287462 1337.12814542 1313.02625636]\n",
      " [1223.90287462    0.         1171.84099985 1174.02714423]\n",
      " [1337.12814542 1171.84099985    0.         1239.15149002]\n",
      " [1313.02625636 1174.02714423 1239.15149002    0.        ]]\n",
      "[1 2 3 0]\n",
      "[[   0.         1223.90287462 1171.84099985 1174.02714423]\n",
      " [1223.90287462    0.         1337.12814542 1313.02625636]\n",
      " [1171.84099985 1337.12814542    0.         1239.15149002]\n",
      " [1174.02714423 1313.02625636 1239.15149002    0.        ]]\n",
      "[0 2 1 3]\n",
      "[[   0.         1313.02625636 1174.02714423 1239.15149002]\n",
      " [1313.02625636    0.         1223.90287462 1337.12814542]\n",
      " [1174.02714423 1223.90287462    0.         1171.84099985]\n",
      " [1239.15149002 1337.12814542 1171.84099985    0.        ]]\n",
      "[2 1 3 0]\n",
      "[[   0.         1223.90287462 1337.12814542 1313.02625636]\n",
      " [1223.90287462    0.         1171.84099985 1174.02714423]\n",
      " [1337.12814542 1171.84099985    0.         1239.15149002]\n",
      " [1313.02625636 1174.02714423 1239.15149002    0.        ]]\n",
      "[2 3 0 1]\n",
      "[[   0.         1337.12814542 1313.02625636 1223.90287462]\n",
      " [1337.12814542    0.         1239.15149002 1171.84099985]\n",
      " [1313.02625636 1239.15149002    0.         1174.02714423]\n",
      " [1223.90287462 1171.84099985 1174.02714423    0.        ]]\n",
      "[0 2 3 1]\n",
      "[[   0.         1313.02625636 1239.15149002 1174.02714423]\n",
      " [1313.02625636    0.         1337.12814542 1223.90287462]\n",
      " [1239.15149002 1337.12814542    0.         1171.84099985]\n",
      " [1174.02714423 1223.90287462 1171.84099985    0.        ]]\n",
      "[2 1 0 3]\n",
      "[[   0.         1223.90287462 1313.02625636 1337.12814542]\n",
      " [1223.90287462    0.         1174.02714423 1171.84099985]\n",
      " [1313.02625636 1174.02714423    0.         1239.15149002]\n",
      " [1337.12814542 1171.84099985 1239.15149002    0.        ]]\n",
      "[3 0 2 1]\n",
      "[[   0.         1239.15149002 1337.12814542 1171.84099985]\n",
      " [1239.15149002    0.         1313.02625636 1174.02714423]\n",
      " [1337.12814542 1313.02625636    0.         1223.90287462]\n",
      " [1171.84099985 1174.02714423 1223.90287462    0.        ]]\n",
      "[2 3 0 1]\n",
      "[[   0.         1337.12814542 1313.02625636 1223.90287462]\n",
      " [1337.12814542    0.         1239.15149002 1171.84099985]\n",
      " [1313.02625636 1239.15149002    0.         1174.02714423]\n",
      " [1223.90287462 1171.84099985 1174.02714423    0.        ]]\n",
      "[3 0 1 2]\n",
      "[[   0.         1239.15149002 1171.84099985 1337.12814542]\n",
      " [1239.15149002    0.         1174.02714423 1313.02625636]\n",
      " [1171.84099985 1174.02714423    0.         1223.90287462]\n",
      " [1337.12814542 1313.02625636 1223.90287462    0.        ]]\n",
      "[2 1 3 0]\n",
      "[[   0.         1223.90287462 1337.12814542 1313.02625636]\n",
      " [1223.90287462    0.         1171.84099985 1174.02714423]\n",
      " [1337.12814542 1171.84099985    0.         1239.15149002]\n",
      " [1313.02625636 1174.02714423 1239.15149002    0.        ]]\n",
      "[0 1 2 3]\n",
      "[[   0.         1174.02714423 1313.02625636 1239.15149002]\n",
      " [1174.02714423    0.         1223.90287462 1171.84099985]\n",
      " [1313.02625636 1223.90287462    0.         1337.12814542]\n",
      " [1239.15149002 1171.84099985 1337.12814542    0.        ]]\n",
      "[1 0 2 3]\n",
      "[[   0.         1174.02714423 1223.90287462 1171.84099985]\n",
      " [1174.02714423    0.         1313.02625636 1239.15149002]\n",
      " [1223.90287462 1313.02625636    0.         1337.12814542]\n",
      " [1171.84099985 1239.15149002 1337.12814542    0.        ]]\n",
      "[0 2 3 1]\n",
      "[[   0.         1313.02625636 1239.15149002 1174.02714423]\n",
      " [1313.02625636    0.         1337.12814542 1223.90287462]\n",
      " [1239.15149002 1337.12814542    0.         1171.84099985]\n",
      " [1174.02714423 1223.90287462 1171.84099985    0.        ]]\n",
      "[2 1 0 3]\n",
      "[[   0.         1223.90287462 1313.02625636 1337.12814542]\n",
      " [1223.90287462    0.         1174.02714423 1171.84099985]\n",
      " [1313.02625636 1174.02714423    0.         1239.15149002]\n",
      " [1337.12814542 1171.84099985 1239.15149002    0.        ]]\n",
      "tensor([[0.4945, 0.0000, 0.0000,  ..., 0.2742, 0.2434, 0.4025],\n",
      "        [0.7678, 0.0302, 0.0566,  ..., 0.0777, 0.2100, 0.5097],\n",
      "        [0.0707, 1.6891, 1.4331,  ..., 0.0914, 0.1104, 0.1642],\n",
      "        [0.4118, 0.1630, 0.0884,  ..., 0.4721, 0.3566, 0.5666]])\n",
      "4\n"
     ]
    },
    {
     "name": "stderr",
     "output_type": "stream",
     "text": [
      "\r",
      " 25%|██▌       | 3/12 [00:01<00:03,  2.40it/s]"
     ]
    },
    {
     "name": "stdout",
     "output_type": "stream",
     "text": [
      "[[   0.         1994.51085716 2331.43820959 2179.0271528 ]\n",
      " [1994.51085716    0.         2078.31185749 1920.51176346]\n",
      " [2331.43820959 2078.31185749    0.         2322.30941914]\n",
      " [2179.0271528  1920.51176346 2322.30941914    0.        ]]\n",
      "[0 3 2 1]\n",
      "[[   0.         2179.0271528  2331.43820959 1994.51085716]\n",
      " [2179.0271528     0.         2322.30941914 1920.51176346]\n",
      " [2331.43820959 2322.30941914    0.         2078.31185749]\n",
      " [1994.51085716 1920.51176346 2078.31185749    0.        ]]\n",
      "[2 3 1 0]\n",
      "[[   0.         2322.30941914 2078.31185749 2331.43820959]\n",
      " [2322.30941914    0.         1920.51176346 2179.0271528 ]\n",
      " [2078.31185749 1920.51176346    0.         1994.51085716]\n",
      " [2331.43820959 2179.0271528  1994.51085716    0.        ]]\n",
      "[2 3 0 1]\n",
      "[[   0.         2322.30941914 2331.43820959 2078.31185749]\n",
      " [2322.30941914    0.         2179.0271528  1920.51176346]\n",
      " [2331.43820959 2179.0271528     0.         1994.51085716]\n",
      " [2078.31185749 1920.51176346 1994.51085716    0.        ]]\n",
      "[3 0 2 1]\n",
      "[[   0.         2179.0271528  2322.30941914 1920.51176346]\n",
      " [2179.0271528     0.         2331.43820959 1994.51085716]\n",
      " [2322.30941914 2331.43820959    0.         2078.31185749]\n",
      " [1920.51176346 1994.51085716 2078.31185749    0.        ]]\n",
      "[2 0 3 1]\n",
      "[[   0.         2331.43820959 2322.30941914 2078.31185749]\n",
      " [2331.43820959    0.         2179.0271528  1994.51085716]\n",
      " [2322.30941914 2179.0271528     0.         1920.51176346]\n",
      " [2078.31185749 1994.51085716 1920.51176346    0.        ]]\n",
      "[3 2 0 1]\n",
      "[[   0.         2322.30941914 2179.0271528  1920.51176346]\n",
      " [2322.30941914    0.         2331.43820959 2078.31185749]\n",
      " [2179.0271528  2331.43820959    0.         1994.51085716]\n",
      " [1920.51176346 2078.31185749 1994.51085716    0.        ]]\n",
      "[2 1 0 3]\n",
      "[[   0.         2078.31185749 2331.43820959 2322.30941914]\n",
      " [2078.31185749    0.         1994.51085716 1920.51176346]\n",
      " [2331.43820959 1994.51085716    0.         2179.0271528 ]\n",
      " [2322.30941914 1920.51176346 2179.0271528     0.        ]]\n",
      "[0 1 3 2]\n",
      "[[   0.         1994.51085716 2179.0271528  2331.43820959]\n",
      " [1994.51085716    0.         1920.51176346 2078.31185749]\n",
      " [2179.0271528  1920.51176346    0.         2322.30941914]\n",
      " [2331.43820959 2078.31185749 2322.30941914    0.        ]]\n",
      "[0 3 2 1]\n",
      "[[   0.         2179.0271528  2331.43820959 1994.51085716]\n",
      " [2179.0271528     0.         2322.30941914 1920.51176346]\n",
      " [2331.43820959 2322.30941914    0.         2078.31185749]\n",
      " [1994.51085716 1920.51176346 2078.31185749    0.        ]]\n",
      "[0 1 2 3]\n",
      "[[   0.         1994.51085716 2331.43820959 2179.0271528 ]\n",
      " [1994.51085716    0.         2078.31185749 1920.51176346]\n",
      " [2331.43820959 2078.31185749    0.         2322.30941914]\n",
      " [2179.0271528  1920.51176346 2322.30941914    0.        ]]\n",
      "[1 3 0 2]\n",
      "[[   0.         1920.51176346 1994.51085716 2078.31185749]\n",
      " [1920.51176346    0.         2179.0271528  2322.30941914]\n",
      " [1994.51085716 2179.0271528     0.         2331.43820959]\n",
      " [2078.31185749 2322.30941914 2331.43820959    0.        ]]\n",
      "[1 3 0 2]\n",
      "[[   0.         1920.51176346 1994.51085716 2078.31185749]\n",
      " [1920.51176346    0.         2179.0271528  2322.30941914]\n",
      " [1994.51085716 2179.0271528     0.         2331.43820959]\n",
      " [2078.31185749 2322.30941914 2331.43820959    0.        ]]\n",
      "[0 2 3 1]\n",
      "[[   0.         2331.43820959 2179.0271528  1994.51085716]\n",
      " [2331.43820959    0.         2322.30941914 2078.31185749]\n",
      " [2179.0271528  2322.30941914    0.         1920.51176346]\n",
      " [1994.51085716 2078.31185749 1920.51176346    0.        ]]\n",
      "[2 3 0 1]\n",
      "[[   0.         2322.30941914 2331.43820959 2078.31185749]\n",
      " [2322.30941914    0.         2179.0271528  1920.51176346]\n",
      " [2331.43820959 2179.0271528     0.         1994.51085716]\n",
      " [2078.31185749 1920.51176346 1994.51085716    0.        ]]\n",
      "[0 2 1 3]\n",
      "[[   0.         2331.43820959 1994.51085716 2179.0271528 ]\n",
      " [2331.43820959    0.         2078.31185749 2322.30941914]\n",
      " [1994.51085716 2078.31185749    0.         1920.51176346]\n",
      " [2179.0271528  2322.30941914 1920.51176346    0.        ]]\n",
      "[0 1 2 3]\n",
      "[[   0.         1994.51085716 2331.43820959 2179.0271528 ]\n",
      " [1994.51085716    0.         2078.31185749 1920.51176346]\n",
      " [2331.43820959 2078.31185749    0.         2322.30941914]\n",
      " [2179.0271528  1920.51176346 2322.30941914    0.        ]]\n",
      "[1 0 2 3]\n",
      "[[   0.         1994.51085716 2078.31185749 1920.51176346]\n",
      " [1994.51085716    0.         2331.43820959 2179.0271528 ]\n",
      " [2078.31185749 2331.43820959    0.         2322.30941914]\n",
      " [1920.51176346 2179.0271528  2322.30941914    0.        ]]\n",
      "[3 0 1 2]\n",
      "[[   0.         2179.0271528  1920.51176346 2322.30941914]\n",
      " [2179.0271528     0.         1994.51085716 2331.43820959]\n",
      " [1920.51176346 1994.51085716    0.         2078.31185749]\n",
      " [2322.30941914 2331.43820959 2078.31185749    0.        ]]\n",
      "[2 3 0 1]\n",
      "[[   0.         2322.30941914 2331.43820959 2078.31185749]\n",
      " [2322.30941914    0.         2179.0271528  1920.51176346]\n",
      " [2331.43820959 2179.0271528     0.         1994.51085716]\n",
      " [2078.31185749 1920.51176346 1994.51085716    0.        ]]\n",
      "[0 1 3 2]\n",
      "[[   0.         1994.51085716 2179.0271528  2331.43820959]\n",
      " [1994.51085716    0.         1920.51176346 2078.31185749]\n",
      " [2179.0271528  1920.51176346    0.         2322.30941914]\n",
      " [2331.43820959 2078.31185749 2322.30941914    0.        ]]\n",
      "tensor([[1.5442, 0.0816, 0.4965,  ..., 0.0000, 0.0000, 0.0000],\n",
      "        [2.3693, 0.0000, 0.0000,  ..., 0.0000, 0.0000, 0.0000],\n",
      "        [2.2854, 2.1768, 1.4132,  ..., 0.0000, 0.0000, 0.0000],\n",
      "        [1.8291, 0.0000, 0.0000,  ..., 0.0000, 0.0000, 0.0000]])\n",
      "4\n"
     ]
    },
    {
     "name": "stderr",
     "output_type": "stream",
     "text": [
      "\r",
      " 33%|███▎      | 4/12 [00:01<00:02,  2.93it/s]"
     ]
    },
    {
     "name": "stdout",
     "output_type": "stream",
     "text": [
      "[[   0.         2144.00475697 2263.19791304 2415.15780201]\n",
      " [2144.00475697    0.         2082.38581208 2263.57479872]\n",
      " [2263.19791304 2082.38581208    0.         2391.84754139]\n",
      " [2415.15780201 2263.57479872 2391.84754139    0.        ]]\n",
      "[1 0 3 2]\n",
      "[[   0.         2144.00475697 2263.57479872 2082.38581208]\n",
      " [2144.00475697    0.         2415.15780201 2263.19791304]\n",
      " [2263.57479872 2415.15780201    0.         2391.84754139]\n",
      " [2082.38581208 2263.19791304 2391.84754139    0.        ]]\n",
      "[2 0 3 1]\n",
      "[[   0.         2263.19791304 2391.84754139 2082.38581208]\n",
      " [2263.19791304    0.         2415.15780201 2144.00475697]\n",
      " [2391.84754139 2415.15780201    0.         2263.57479872]\n",
      " [2082.38581208 2144.00475697 2263.57479872    0.        ]]\n",
      "[2 0 3 1]\n",
      "[[   0.         2263.19791304 2391.84754139 2082.38581208]\n",
      " [2263.19791304    0.         2415.15780201 2144.00475697]\n",
      " [2391.84754139 2415.15780201    0.         2263.57479872]\n",
      " [2082.38581208 2144.00475697 2263.57479872    0.        ]]\n",
      "[3 0 1 2]\n",
      "[[   0.         2415.15780201 2263.57479872 2391.84754139]\n",
      " [2415.15780201    0.         2144.00475697 2263.19791304]\n",
      " [2263.57479872 2144.00475697    0.         2082.38581208]\n",
      " [2391.84754139 2263.19791304 2082.38581208    0.        ]]\n",
      "[1 3 2 0]\n",
      "[[   0.         2263.57479872 2082.38581208 2144.00475697]\n",
      " [2263.57479872    0.         2391.84754139 2415.15780201]\n",
      " [2082.38581208 2391.84754139    0.         2263.19791304]\n",
      " [2144.00475697 2415.15780201 2263.19791304    0.        ]]\n",
      "[2 0 1 3]\n",
      "[[   0.         2263.19791304 2082.38581208 2391.84754139]\n",
      " [2263.19791304    0.         2144.00475697 2415.15780201]\n",
      " [2082.38581208 2144.00475697    0.         2263.57479872]\n",
      " [2391.84754139 2415.15780201 2263.57479872    0.        ]]\n",
      "[1 0 3 2]\n",
      "[[   0.         2144.00475697 2263.57479872 2082.38581208]\n",
      " [2144.00475697    0.         2415.15780201 2263.19791304]\n",
      " [2263.57479872 2415.15780201    0.         2391.84754139]\n",
      " [2082.38581208 2263.19791304 2391.84754139    0.        ]]\n",
      "[1 2 3 0]\n",
      "[[   0.         2082.38581208 2263.57479872 2144.00475697]\n",
      " [2082.38581208    0.         2391.84754139 2263.19791304]\n",
      " [2263.57479872 2391.84754139    0.         2415.15780201]\n",
      " [2144.00475697 2263.19791304 2415.15780201    0.        ]]\n",
      "[1 2 3 0]\n",
      "[[   0.         2082.38581208 2263.57479872 2144.00475697]\n",
      " [2082.38581208    0.         2391.84754139 2263.19791304]\n",
      " [2263.57479872 2391.84754139    0.         2415.15780201]\n",
      " [2144.00475697 2263.19791304 2415.15780201    0.        ]]\n",
      "[2 0 3 1]\n",
      "[[   0.         2263.19791304 2391.84754139 2082.38581208]\n",
      " [2263.19791304    0.         2415.15780201 2144.00475697]\n",
      " [2391.84754139 2415.15780201    0.         2263.57479872]\n",
      " [2082.38581208 2144.00475697 2263.57479872    0.        ]]\n",
